1 5 2 0000020000000 2 2  185015 39215     0     0 224230 1  5 1 2 10 5 417000    .  708 5 1 1 7  3  1 49 200000 . . . .  .  .  .      . 
3 1 3 0000021000000 3 3  156667     0     0     0 156667 1  2 1 2  7 3 390000    .  408 4 1 3 6  8  1 52  70757 1 2 3 3  8  1 52  70757 
7 6 4 0101011000000 4 4  113471   626   400     0 114497 1  4 2 . 10 3      . 1434    . 3 1 1 5  1  1 52  83207 1 2 1 3  7  2 40  26798 
8 6 2 0000011000000 2 2  110000     0     0     0 110000 1  6 1 2  8 3 380000    .  292 2 2 3 7  3  1 52  50000 1 1 1 7  3  1 52  60000 
10 6 4 2000011000000 2 2  102640   216  2808     0 105664 1  2 1 2 10 4 446000    .  317 3 1 1 7  2  1 52 100633 2 2 1 7  3 12 14   5031 
12 8 4 0002011000000 4 4   99000     0  3400     0 102400 1  5 1 1 10 4 200000    . 1082 4 1 1 7  3  1 52  72400 1 2 1 5  3  1 20  15000 
13 3 3 0010011000000 2 2   98435   512  1924     0 100871 1  6 1 1  8 3 275000    . 1037 3 1 1 7  2  1 52  61315 1 2 1 5  3  1 44  39556 
14 2 3 0000012000000 3 3   97000     0  1000     0  98000 6  6 2 .  6 2      . 1045    . 3 1 1 5 10  1 52  33000 1 2 1 7  4  1 48  38000 
16 1 4 1000012000000 3 3   92337  1033  7081   399 100850 1  7 1 1 10 3 299000    . 2218 2 1 1 3  2  1 42  65787 1 2 1 5 11  1 36  27383 
17 5 5 0300011000000 2 2   90000   900  1200     0  92100 1  6 1 1 10 4 250000    . 2218 2 2 1 6  2  1 52  40450 4 1 1 7  3  1 52  51650 
19 6 2 0000011000000 2 2   80000  6000     0     0  86000 2  4 2 .  3 1      . 1006    . 3 1 3 7  3  1 52  65000 2 2 1 7  3  1 48  21000 
20 7 4 1010011000000 2 2   84320     0   800     0  85120 1  2 1 1  5 2 200000    . 1435 3 1 1 7  3  1 48  84800 1 2 1 7  3  1  8    320 
22 5 4 0200011000000 2 2   82000     0   800     0  82800 1  6 1 1 10 4 285000    . 1312 3 1 1 5  3  1 52  75800 1 2 1 5 11  1 43   7000 
24 5 3 0000111000000 3 3   69000 10350     0     0  79350 1  4 1 2  7 3 400000    .  285 5 1 1 5 12  1 52  45000 2 2 1 7 11  1 48  15000 
26 7 2 0000011000000 2 2   67225  9195   676     0  77096 1  4 1 2  9 3 200000    .  223 4 1 2 3  9  1 52  46822 1 2 1 3  7  1 40  30274 
28 3 3 0100011000000 1 2   65000 10000     0     0  75000 1  2 1 2  8 4 250000    .  350 4 1 1 2  2  1 52  70000 1 2 1 2 10 11  0   5000 
29 4 6 1020012000000 3 3   73290  1000 12300     0  86590 1  7 1 1 10 5 437000    . 2218 2 1 1 5  9  1 52  41200 1 2 1 4  7  1 52  28290 
30 6 4 0020011000000 3 3   68500  3700   800     0  73000 1  5 1 2  6 3 185000    .  291 3 1 3 2  2  1 52  27200 1 2 1 7  4  1 52  44300 
31 1 2 0000011000000 2 2   71668   425     0     0  72093 5  2 1 1  5 2 132000    . 1008 3 2 1 7  3  1 52  30286 1 1 1 5  2  1 52  41807 
33 7 5 0110011100000 2 2   70000     0   800     0  70800 1  2 1 1  3 1 240000    . 1009 3 1 3 6  2  1 52  35800 2 2 3 1 13  5 10  35000 
37 1 3 0010011000000 3 3   66303     0   400     0  66703 1  3 1 2  8 1 110000    .   99 4 1 3 1 14  1 52  41257 1 2 3 2 10  1 52  22477 
39 3 4 1010011000000 2 2   64029   236   800     0  65065 1  6 1 1  7 3 165000    . 1223 3 1 4 3 12  2 52  33349 1 2 1 3  2  2 52  31716 
47 5 4 0110011000000 2 2   58000     0   975     0  58975 1  4 1 1 10 3 140000    . 1306 3 1 1 3  2  1 50  50975 1 2 1 3 11 11 44   8000 
49 4 4 2000011000000 2 2   56117   500  3600     0  60217 1  2 1 2  7 3 250000    .  203 4 1 1 4  2  1 52  37217 2 2 1 3 11  1 45  23000 
52 3 4 0000111100000 2 3   54633     0 10644     0  65277 1  5 2 .  9 4      . 1313    . 5 1 3 3  . 13  .  10644 1 2 1 1  . 13  .      0 
53 7 2 0002000000000 2 2   53000     0     0     0  53000 5  1 2 .  6 2      .  625    . 1 1 1 2 14  1 45  23000 . . . .  .  .  .      . 
54 3 2 0000011000000 2 2   52735     0  2706     0  55441 2  7 2 .  6 2      . 1015    . 2 2 1 6  8  2 17   9960 1 1 1 5  2  2 52  45481 
55 3 5 1010011010000 2 2   52000     0  3800     0  55800 5  3 1 1 10 5 260000    . 2218 2 1 3 2  9  1 52  40800 1 2 3 2 13  1 30  15000 
56 2 5 1200011000000 2 2   51315   117  7845     0  59277 1  5 1 1  9 3 150000    . 1284 3 1 2 5  9  1 52  42435 2 2 1 4 10  1 24  16842 
57 3 4 1100011000000 2 2   51000     0   857     0  51857 1  2 1 1  4 2 200000    . 1205 2 2 3 5 11  1 52  15000 1 1 1 5  9  1 52  36857 
58 5 2 0000001100000 1 1   50000     0     0     0  50000 1  6 1 2  6 3 150000    .  184 5 1 3 1  .  6  .      0 1 2 3 1  9  6 52  50000 
59 8 4 2000011000000 2 2   46821  1303  1393     0  49517 1  5 1 2  9 3 175000    .  264 3 1 1 4  8  1 52  31567 1 2 1 3 10  1 52  17950 
60 4 2 0001100000000 2 2   47000  1000   360     0  48360 1  3 1 2  9 3 210000    .  256 1 1 3 7  4  1 52  25500 1 2 3 7  4  1 50  22860 
63 4 5 1020011000000 1 1   45000     0  1330     0  46330 1  3 1 1  5 3 120000    .  864 2 1 1 5  9  1 52  46330 4 2 1 5  . 13  .      0 
64 6 3 0100011000000 2 2   44009     0   400     0  44409 1  5 1 1  8 3 104000    .  841 4 1 1 2  6  1 52  40303 3 2 1 5 11  1 13   4106 
66 2 4 2000011000000 2 2   42537    40  5683     0  48260 1  3 1 1 10 3 275000    . 1177 2 2 1 7 10  1 34  41183 1 1 1 4  2  1 52   7077 
67 4 5 0111011000000 4 4   41924     0   180     0  42104 1  2 1 1  8 5 452000    . 1339 5 1 3 5  9  1 52  12294 1 2 3 7 11 11 52  27600 
69 1 3 0110001000000 1 1   40824   181  1145  3600  45750 6  5 1 1  7 3 128000    .  866 3 2 1 5  8  1 40  45750 . . . .  .  .  .      . 
70 5 4 0100011010000 2 2   40000     0   400     0  40400 5  7 1 1  8 5 250000    .  727 3 1 3 3  8  1 52  20400 2 2 3 3 13  1 52  20000 
71 2 2 0000011000000 2 2   39600     0 12600     0  52200 1  3 1 1  7 2 120000    .  715 3 1 1 5 10  1 47  35300 2 2 1 5 14  1 28  16900 
73 6 4 0002011000000 4 4   37181   399  6904     0  44484 1  5 1 1  6 3 190000    .  550 3 1 1 2 12  4 30  25320 1 2 1 3 13  1 51   8969 
74 3 3 0010011000000 2 2   36345   960  6050     0  43355 1  1 1 1  6 4 250000    .  601 4 1 3 7 12  1 30  23153 1 2 3 4 13  1 40  20202 
75 6 1 0000001000000 1 1   36000    70     0     0  36070 2  4 2 .  4 1      .  759    . 2 2 1 7  3  1 48  36070 . . . .  .  .  .      . 
77 7 6 2110011000000 1 1   35000     0  3897     0  38897 1  5 2 .  7 4      .  980    . 2 2 1 4  . 13  .      0 1 1 5 5  4  1 49  38897 
78 3 3 0000010110000 2 3   32161  2584  1903 28719  65367 1  3 1 2  6 2 200000    .  275 5 1 1 3  . 13  .  30846 1 2 1 4 11  1 52  14521 
79 6 4 0020011000000 2 2   34000     0  1622     0  35622 1  5 1 2  6 3 160000    .  250 4 1 1 5  8  1 52  31622 2 2 1 5 10  1  4   4000 
80 4 2 0000010010000 1 1   15000 18390  3360  1829  38579 1  5 1 2  8 3 457000    .  232 5 2 1 2  7  1 52  38579 . . . .  .  .  .      . 
81 3 4 1010011000000 1 2   30000  2381  1695     0  34076 1  3 2 .  4 2      .  950    . 2 2 3 6 10  1 52   2381 1 1 1 3  2  1 52  31695 
82 7 5 1020011000000 2 2   23000  7800  2723     0  33523 1  2 1 2  8 4 180000    .   99 2 1 3 5  8  1 52  13400 1 2 3 3 13  1 52  20123 
83 3 2 0000011000000 1 2   26080  4100  3510     0  33690 5  1 1 2  9 2 367000    .  339 4 1 1 7  . 13  .   6610 2 2 1 3 10  2 52  27080 
85 3 4 0100021000000 3 4   27815  2000  4700     0  34515 5  1 1 2  2 0 220000    .  230 5 1 3 7  9  1 48   2000 3 2 3 5  2  1 48  12774 
86 8 3 0000101001000 2 3   28188     0  9794  9741  47723 1  3 1 2 10 5 290000    .  350 6 1 3 2  . 13  .  19535 2 2 1 2 11  1 52  23851 
87 1 5 0101101100000 2 2   28000     0   935     0  28935 1  2 1 2 10 5 407000    .  308 5 1 1 7  3  1 50  14935 2 2 1 7  3  1 48  14000 
88 6 2 0000001000100 2 2   26884   287  1200     0  28371 4  7 1 2  5 3 160000    .  191 3 2 3 7  7  1 40  20371 . . . .  .  .  .      . 
89 1 2 0000000110000 1 2   27000     0  8294     0  35294 1  3 1 1  5 2  28000    .  733 5 1 1 2  9  1 48  31147 1 2 1 2  . 13  .   4147 
90 1 2 0000000110000 0 2       0 26166 11989 21200  59355 1  4 1 2  8 3 280000    .  100 5 1 3 1  . 13  .  27496 1 2 3 1  . 13  .  31859 
92 5 2 0002000000000 2 2   23999   633     0     0  24632 2  6 2 .  4 2      .  825    . 1 1 1 7  3  1 16   9632 . . . .  .  .  .      . 
94 1 2 0000000110000 1 1   23937     0     0  3270  27207 1  3 1 2  9 4 290000    .  428 5 1 1 2  2  1 52  27207 1 2 1 1  . 13  .      0 
96 7 3 0010011000000 1 2   21000     0  1484     0  22484 1  5 1 2  6 3 200000    .  236 4 1 1 2 14  1 49    509 2 2 1 2 11  1 52  21975 
97 1 1 0000001000000 1 1   17519  2946     0     0  20465 4  2 2 .  3 1      .  775    . 3 2 1 5 10  1 44  20465 . . . .  .  .  .      . 
98 6 4 1110001000000 1 1   19000     0  2925  4800  26725 1  5 1 1  7 4 140000    .  670 3 2 1 4 10  1 52  26725 . . . .  .  .  .      . 
100 2 5 0001201100000 2 4   10506  7143 18433 19537  55619 1  3 2 .  7 3      .  897    . 5 1 3 6  . 13  .  32055 2 2 1 5  . 13  .  12042 
101 8 1 0000000000100 0 1       0 15802  8502 24454  48758 1  5 1 2  4 2 122000    .  147 6 2 1 7  . 13  .  48758 . . . .  .  .  .      . 
102 5 2 0000000001100 0 2       0 15310 16881 11878  44069 1  5 1 2  6 2 180000    .  160 6 1 1 5  . 13  .  26500 1 2 1 5  . 13  .  17569 
103 3 3 0000010001100 1 3    9650  5276 12397 10854  38177 8  4 1 2  5 3  35000    .   99 6 1 1 3  . 13  .  15296 1 2 1 3  . 13  .  12356 
104 3 4 0010021000000 2 3   14162     0  8099     0  22261 1  3 1 2  5 3 447000    .  300 5 1 3 2  . 13  .   8099 2 2 3 5  . 13  .      0 
105 2 3 1000011000000 2 2   13000     0  1178     0  14178 1  4 2 .  3 1      .  775    . 2 1 1 5 13  1  4  11178 1 2 1 3 11  1 26   3000 
108 1 3 0200001000000 1 1   10000     0  8050     0  18050 1  5 2 .  5 2      .  525    . 2 2 1 5 10  1 35  18050 . . . .  .  .  .      . 
111 7 3 0000010011000 0 2       0  6942 20028  1213  28183 1  5 1 2  6 3 150000    .  193 6 1 1 3  . 13  .  21448 2 2 1 2  . 13  .      0 
112 6 1 0000000000010 0 1       0  5992  7715     0  13707 8  4 1 1  4 2  20000    .  274 8 1 1 1  . 13  .  13707 . . . .  .  .  .      . 
113 7 1 0000000000100 0 1       0  5022  8563  2574  16159 1  5 1 2  8 5 210000    .  224 6 2 3 1  . 13  .  16159 . . . .  .  .  .      . 
114 2 2 0000000000110 0 2       0  4506 23423 17188  45117 1  7 1 2  7 2 175000    .  285 7 1 1 2  . 13  .  37867 2 2 1 3  . 13  .   7250 
119 2 1 0000000000100 0 1       0  1920 10335  1868  14123 1  1 1 2  5 2 190000    .  219 6 2 1 4  . 13  .  14123 . . . .  .  .  .      . 
120 6 1 0000000000100 1 1    1177     0 11044     0  12221 1  3 1 2  6 1 404000    .  143 6 2 1 4  7  1 52  12221 . . . .  .  .  .      . 
121 4 5 0011111000000 4 4     541     0  2597   250   3388 1  7 1 1 10 5 170000    . 1208 3 1 3 1 12  2 52   2207 1 2 3 1 12  1 49    419 
124 2 2 0000000001100 0 2       0     0 12940  3600  16540 8  6 1 2  4 2  90000    .  113 6 1 1 2  . 13  .  10070 1 2 1 1  . 13  .   6470 
125 5 2 0000000000011 0 2       0     0 16162     0  16162 1  2 1 2  5 2 150000    .  221 8 1 3 1  . 13  .   8081 1 2 3 1  . 13  .   8081 